# Time (s) x(m), y(m)
1.000000000000000056e-01 -4.001665833531718452e-01 9.950041652780258206e-01
1.027470868272442883e-01 -3.974336006510682529e-01 9.947261601690162713e-01
1.054941736544885711e-01 -3.947013919643784785e-01 9.944406483776497829e-01
1.082412604817328539e-01 -3.919699779116641025e-01 9.941476320585357351e-01
1.109883473089771366e-01 -3.892393791054902796e-01 9.938471134229160953e-01
1.137354341362214194e-01 -3.865096161522697527e-01 9.935390947386493199e-01
1.164825209634657022e-01 -3.837807096521076433e-01 9.932235783301925913e-01
1.192296077907099711e-01 -3.810526801986456880e-01 9.929005665785846091e-01
1.219766946179542538e-01 -3.783255483789072504e-01 9.925700619214274933e-01
1.247237814451985366e-01 -3.755993347731414467e-01 9.922320668528683552e-01
1.274708682724428055e-01 -3.728740599546683798e-01 9.918865839235808668e-01
1.302179550996870883e-01 -3.701497444897233757e-01 9.915336157407452777e-01
1.329650419269313710e-01 -3.674264089373022180e-01 9.911731649680294298e-01
1.357121287541756538e-01 -3.647040738490056055e-01 9.908052343255684402e-01
1.384592155814199366e-01 -3.619827597688843879e-01 9.904298265899439402e-01
1.412063024086642193e-01 -3.592624872332844110e-01 9.900469445941634250e-01
1.439533892359085021e-01 -3.565432767706913642e-01 9.896565912276387156e-01
1.467004760631527849e-01 -3.538251489015762363e-01 9.892587694361640871e-01
1.494475628903970676e-01 -3.511081241382399964e-01 9.888534822218942866e-01
1.521946497176413504e-01 -3.483922229846593277e-01 9.884407326433217733e-01
1.549417365448856332e-01 -3.456774659363314184e-01 9.880205238152535152e-01
1.576888233721299160e-01 -3.429638734801195854e-01 9.875928589087874521e-01
1.604359101993741987e-01 -3.402514660940983982e-01 9.871577411512888478e-01
1.631829970266184815e-01 -3.375402642473995796e-01 9.867151738263657546e-01
1.659300838538627643e-01 -3.348302884000571300e-01 9.862651602738442547e-01
1.686771706811070470e-01 -3.321215590028530062e-01 9.858077038897431477e-01
1.714242575083513298e-01 -3.294140964971629670e-01 9.853428081262484151e-01
1.741713443355956126e-01 -3.267079213148021966e-01 9.848704764916873522e-01
1.769184311628398953e-01 -3.240030538778709834e-01 9.843907125505017008e-01
1.796655179900841781e-01 -3.212995145986009549e-01 9.839035199232211149e-01
1.824126048173284609e-01 -3.185973238792005890e-01 9.834089022864356266e-01
1.851596916445727437e-01 -3.158965021117016159e-01 9.829068633727680027e-01
1.879067784718170264e-01 -3.131970696778050289e-01 9.823974069708455437e-01
1.906538652990613092e-01 -3.104990469487272087e-01 9.818805369252714410e-01
1.934009521263055920e-01 -3.078024542850460454e-01 9.813562571365956888e-01
1.961480389535498747e-01 -3.051073120365478397e-01 9.808245715612861071e-01
1.988951257807941575e-01 -3.024136405420729812e-01 9.802854842116978107e-01
2.016422126080384403e-01 -2.997214601293630154e-01 9.797389991560434552e-01
2.043892994352826953e-01 -2.970307911149071556e-01 9.791851205183622620e-01
2.071363862625269781e-01 -2.943416538037886832e-01 9.786238524784889314e-01
2.098834730897712608e-01 -2.916540684895320146e-01 9.780551992720223353e-01
2.126305599170155436e-01 -2.889680554539495461e-01 9.774791651902933198e-01
2.153776467442598264e-01 -2.862836349669882763e-01 9.768957545803320652e-01
2.181247335715041091e-01 -2.836008272865772062e-01 9.763049718448361114e-01
2.208718203987483919e-01 -2.809196526584744058e-01 9.757068214421361629e-01
2.236189072259926747e-01 -2.782401313161139145e-01 9.751013078861630046e-01
2.263659940532369574e-01 -2.755622834804534182e-01 9.744884357464134172e-01
2.291130808804812402e-01 -2.728861293598215942e-01 9.738682096479155392e-01
2.318601677077255230e-01 -2.702116891497653994e-01 9.732406342711940050e-01
2.346072545349698057e-01 -2.675389830328978036e-01 9.726057143522346404e-01
2.373543413622140885e-01 -2.648680311787455777e-01 9.719634546824488242e-01
2.401014281894583713e-01 -2.621988537435969158e-01 9.713138601086369617e-01
2.428485150167026541e-01 -2.595314708703493345e-01 9.706569355329525139e-01
2.455956018439469368e-01 -2.568659026883578500e-01 9.699926859128644718e-01
2.483426886711911918e-01 -2.542021693132828775e-01 9.693211162611201637e-01
2.510897754984354746e-01 -2.515402908469384080e-01 9.686422316457072856e-01
2.538368623256797574e-01 -2.488802873771405189e-01 9.679560371898160431e-01
2.565839491529240401e-01 -2.462221789775556613e-01 9.672625380717999599e-01
2.593310359801683229e-01 -2.435659857075491153e-01 9.665617395251371313e-01
2.620781228074126057e-01 -2.409117276120337214e-01 9.658536468383908113e-01
2.648252096346568885e-01 -2.382594247213185579e-01 9.651382653551691115e-01
2.675722964619011712e-01 -2.356090970509576721e-01 9.644156004740850330e-01
2.703193832891454540e-01 -2.329607646015993683e-01 9.636856576487156101e-01
2.730664701163897368e-01 -2.303144473588348284e-01 9.629484423875607213e-01
2.758135569436340195e-01 -2.276701652930476771e-01 9.622039602540014558e-01
2.785606437708783023e-01 -2.250279383592629912e-01 9.614522168662583690e-01
2.813077305981225851e-01 -2.223877864969969198e-01 9.606932178973488501e-01
2.840548174253668678e-01 -2.197497296301060832e-01 9.599269690750444894e-01
2.868019042526111506e-01 -2.171137876666373590e-01 9.591534761818275578e-01
2.895489910798554334e-01 -2.144799804986773362e-01 9.583727450548478188e-01
2.922960779070997162e-01 -2.118483280022026016e-01 9.575847815858780088e-01
2.950431647343439989e-01 -2.092188500369294157e-01 9.567895917212698720e-01
2.977902515615882817e-01 -2.065915664461641654e-01 9.559871814619086416e-01
3.005373383888325645e-01 -2.039664970566532065e-01 9.551775568631685198e-01
3.032844252160768472e-01 -2.013436616784335942e-01 9.543607240348661591e-01
3.060315120433211300e-01 -1.987230801046834805e-01 9.535366891412154766e-01
3.087785988705653573e-01 -1.961047721115726783e-01 9.527054584007802474e-01
3.115256856978096955e-01 -1.934887574581133918e-01 9.518670380864276970e-01
3.142727725250539228e-01 -1.908750558860113911e-01 9.510214345252809842e-01
3.170198593522982611e-01 -1.882636871195164652e-01 9.501686540986716834e-01
3.197669461795424883e-01 -1.856546708652744848e-01 9.493087032420913784e-01
3.225140330067868266e-01 -1.830480268121774667e-01 9.484415884451429246e-01
3.252611198340310539e-01 -1.804437746312162472e-01 9.475673162514920422e-01
3.280082066612753922e-01 -1.778419339753309902e-01 9.466858932588173570e-01
3.307552934885196194e-01 -1.752425244792637504e-01 9.457973261187612168e-01
3.335023803157639577e-01 -1.726455657594093696e-01 9.449016215368787330e-01
3.362494671430081850e-01 -1.700510774136684833e-01 9.439987862725878198e-01
3.389965539702525232e-01 -1.674590790212986957e-01 9.430888271391180133e-01
3.417436407974967505e-01 -1.648695901427675303e-01 9.421717510034587351e-01
3.444907276247410888e-01 -1.622826303196041597e-01 9.412475647863078887e-01
3.472378144519853160e-01 -1.596982190742527452e-01 9.403162754620195685e-01
3.499849012792296543e-01 -1.571163759099241108e-01 9.393778900585512126e-01
3.527319881064738816e-01 -1.545371203104496383e-01 9.384324156574107567e-01
3.554790749337182199e-01 -1.519604717401332739e-01 9.374798593936028990e-01
3.582261617609624471e-01 -1.493864496436054234e-01 9.365202284555758094e-01
3.609732485882067854e-01 -1.468150734456754591e-01 9.355535300851663960e-01
3.637203354154510127e-01 -1.442463625511860026e-01 9.345797715775459036e-01
3.664674222426953509e-01 -1.416803363448654873e-01 9.335989602811644028e-01
3.692145090699395782e-01 -1.391170141911829417e-01 9.326111035976963892e-01
3.719615958971839165e-01 -1.365564154342008285e-01 9.316162089819834957e-01
3.747086827244281437e-01 -1.339985593974298839e-01 9.306142839419795365e-01
3.774557695516724820e-01 -1.314434653836827338e-01 9.296053360386929976e-01
3.802028563789167093e-01 -1.288911526749286773e-01 9.285893728861304153e-01
3.829499432061610475e-01 -1.263416405321476921e-01 9.275664021512385338e-01
3.856970300334052748e-01 -1.237949481951856057e-01 9.265364315538471285e-01
3.884441168606496131e-01 -1.212510948826082680e-01 9.254994688666098313e-01
3.911912036878938403e-01 -1.187100997915573886e-01 9.244555219149463987e-01
3.939382905151380676e-01 -1.161719820976047091e-01 9.234045985769826492e-01
3.966853773423824059e-01 -1.136367609546078405e-01 9.223467067834920652e-01
3.994324641696266331e-01 -1.111044554945659346e-01 9.212818545178353968e-01
4.021795509968709714e-01 -1.085750848274745772e-01 9.202100498159000441e-01
4.049266378241151987e-01 -1.060486680411823479e-01 9.191313007660404377e-01
4.076737246513595370e-01 -1.035252242012460466e-01 9.180456155090158665e-01
4.104208114786037642e-01 -1.010047723507875861e-01 9.169530022379299705e-01
4.131678983058481025e-01 -9.848733151034960720e-02 9.158534691981682352e-01
4.159149851330923298e-01 -9.597292067775237134e-02 9.147470246873362631e-01
4.186620719603366680e-01 -9.346155882795009751e-02 9.136336770551968245e-01
4.214091587875808953e-01 -9.095326491288813209e-02 9.125134347036070182e-01
4.241562456148252336e-01 -8.844805786135939707e-02 9.113863060864547672e-01
4.269033324420694608e-01 -8.594595657886222595e-02 9.102522997095950918e-01
4.296504192693137991e-01 -8.344697994745692293e-02 9.091114241307859389e-01
4.323975060965580264e-01 -8.095114682562415398e-02 9.079636879596234555e-01
4.351445929238023647e-01 -7.845847604812161702e-02 9.068090998574771522e-01
4.378916797510465919e-01 -7.596898642584287709e-02 9.056476685374246216e-01
4.406387665782909302e-01 -7.348269674567464715e-02 9.044794027641855916e-01
4.433858534055351575e-01 -7.099962577035562328e-02 9.033043113540558666e-01
4.461329402327794957e-01 -6.851979223833432053e-02 9.021224031748407146e-01
4.488800270600237230e-01 -6.604321486362829674e-02 9.009336871457881424e-01
4.516271138872680613e-01 -6.356991233568209942e-02 8.997381722375213942e-01
4.543742007145122885e-01 -6.109990331922726670e-02 8.985358674719715610e-01
4.571212875417566268e-01 -5.863320645414038523e-02 8.973267819223086361e-01
4.598683743690008541e-01 -5.616984035530336872e-02 8.961109247128745681e-01
4.626154611962451924e-01 -5.370982361246229297e-02 8.948883050191126509e-01
4.653625480234894196e-01 -5.125317479008756338e-02 8.936589320674998005e-01
4.681096348507337579e-01 -4.879991242723341616e-02 8.924228151354759442e-01
4.708567216779779852e-01 -4.635005503739858534e-02 8.911799635513741880e-01
4.736038085052223234e-01 -4.390362110838580412e-02 8.899303866943509833e-01
4.763508953324665507e-01 -4.146062910216319342e-02 8.886740939943146289e-01
4.790979821597108890e-01 -3.902109745472392976e-02 8.874110949318545494e-01
4.818450689869551162e-01 -3.658504457594824455e-02 8.861413990381693528e-01
4.845921558141994545e-01 -3.415248884946331387e-02 8.848650158949954436e-01
4.873392426414436818e-01 -3.172344863250570191e-02 8.835819551345344136e-01
4.900863294686880201e-01 -2.929794225578169486e-02 8.822922264393802116e-01
4.928334162959322473e-01 -2.687598802333007741e-02 8.809958395424463129e-01
4.955805031231765856e-01 -2.445760421238285520e-02 8.796928042268922221e-01
4.983275899504208128e-01 -2.204280907322841987e-02 8.783831303260495327e-01
5.010746767776651511e-01 -1.963162082907299322e-02 8.770668277233477639e-01
5.038217636049093784e-01 -1.722405767590362569e-02 8.757439063522399758e-01
5.065688504321537167e-01 -1.482013778235052870e-02 8.744143761961273853e-01
5.093159372593979439e-01 -1.241987928955035070e-02 8.730782472882847589e-01
5.120630240866421712e-01 -1.002330031100878704e-02 8.717355297117836965e-01
5.148101109138865095e-01 -7.630418932464133608e-03 8.703862335994172472e-01
5.175571977411307367e-01 -5.241253211751228935e-03 8.690303691336233038e-01
5.203042845683750750e-01 -2.855821178664230686e-03 8.676679465464076646e-01
5.230513713956193023e-01 -4.741408348215570001e-04 8.662989761192669835e-01
5.257984582228636405e-01 1.903769846470892979e-03 8.649234681831108329e-01
5.285455450501078678e-01 4.277892920354298134e-03 8.635414331181843206e-01
5.312926318773522061e-01 6.648210470553639340e-03 8.621528813539890423e-01
5.340397187045964333e-01 9.014704609511703381e-03 8.607578233692050329e-01
5.367868055318407716e-01 1.137735747852486323e-02 8.593562696916110522e-01
5.395338923590849989e-01 1.373615124787719299e-02 8.579482308980059813e-01
5.422809791863293372e-01 1.609106811697591510e-02 8.565337176141281095e-01
5.450280660135735644e-01 1.844209031448473812e-02 8.551127405145754201e-01
5.477751528408179027e-01 2.078920009845885986e-02 8.536853103227250994e-01
5.505222396680621300e-01 2.313237975647797207e-02 8.522514378106522681e-01
5.532693264953064682e-01 2.547161160578081951e-02 8.508111337990491574e-01
5.560164133225506955e-01 2.780687799339776056e-02 8.493644091571429522e-01
5.587635001497950338e-01 3.013816129628499318e-02 8.479112748026140789e-01
5.615105869770392610e-01 3.246544392145644942e-02 8.464517417015138268e-01
5.642576738042835993e-01 3.478870830611757725e-02 8.449858208681813032e-01
5.670047606315278266e-01 3.710793691779690207e-02 8.435135233651609443e-01
5.697518474587721649e-01 3.942311225447936440e-02 8.420348603031179158e-01
5.724989342860163921e-01 4.173421684473732629e-02 8.405498428407557343e-01
5.752460211132607304e-01 4.404123324786346494e-02 8.390584821847305586e-01
5.779931079405049577e-01 4.634414405400155701e-02 8.375607895895679222e-01
5.807401947677492959e-01 4.864293188427826209e-02 8.360567763575768030e-01
5.834872815949935232e-01 5.093757939093424003e-02 8.345464538387650233e-01
5.862343684222378615e-01 5.322806925745515727e-02 8.330298334307532082e-01
5.889814552494820887e-01 5.551438419870191598e-02 8.315069265786888542e-01
5.917285420767264270e-01 5.779650696104166041e-02 8.299777447751600645e-01
5.944756289039706543e-01 6.007442032247756192e-02 8.284422995601086193e-01
5.972227157312149926e-01 6.234810709277915919e-02 8.269006025207432664e-01
5.999698025584592198e-01 6.461755011361169920e-02 8.253526652914516815e-01
6.027168893857034471e-01 6.688273225866603333e-02 8.237984995537134258e-01
6.054639762129477853e-01 6.914363643378740321e-02 8.222381170360109071e-01
6.082110630401920126e-01 7.140024557710467068e-02 8.206715295137417820e-01
6.109581498674363509e-01 7.365254265915932574e-02 8.190987488091294733e-01
6.137052366946805781e-01 7.590051068303338422e-02 8.175197867911340177e-01
6.164523235219249164e-01 7.814413268447839567e-02 8.159346553753629161e-01
6.191994103491691437e-01 8.038339173204278598e-02 8.143433665239805386e-01
6.219464971764134820e-01 8.261827092720008814e-02 8.127459322456186408e-01
6.246935840036577092e-01 8.484875340447617376e-02 8.111423645952849926e-01
6.274406708309020475e-01 8.707482233157692875e-02 8.095326756742727836e-01
6.301877576581462748e-01 8.929646090951470772e-02 8.079168776300695853e-01
6.329348444853906130e-01 9.151365237273567654e-02 8.062949826562648692e-01
6.356819313126348403e-01 9.372637998924582270e-02 8.046670029924588574e-01
6.384290181398791786e-01 9.593462706073763169e-02 8.030329509241694863e-01
6.411761049671234058e-01 9.813837692271576429e-02 8.013928387827402577e-01
6.439231917943677441e-01 1.003376129446234000e-01 7.997466789452466474e-01
6.466702786216119714e-01 1.025323185299668038e-01 7.980944838344032899e-01
6.494173654488563097e-01 1.047224771164414481e-01 7.964362659184693882e-01
6.521644522761005369e-01 1.069080721760564678e-01 7.947720377111556767e-01
6.549115391033448752e-01 1.090890872152597835e-01 7.931018117715289417e-01
6.576586259305891025e-01 1.112655057750620013e-01 7.914256007039180973e-01
6.604057127578334407e-01 1.134373114311613140e-01 7.897434171578185946e-01
6.631527995850776680e-01 1.156044877940669569e-01 7.880552738277972757e-01
6.658998864123220063e-01 1.177670185092229982e-01 7.863611834533958955e-01
6.686469732395662335e-01 1.199248872571319069e-01 7.846611588190359754e-01
6.713940600668105718e-01 1.220780777534775652e-01 7.829552127539214368e-01
6.741411468940547991e-01 1.242265737492480593e-01 7.812433581319425668e-01
6.768882337212991374e-01 1.263703590308586922e-01 7.795256078715779857e-01
6.796353205485433646e-01 1.285094174202737749e-01 7.778019749357981683e-01
6.823824073757877029e-01 1.306437327751295285e-01 7.760724723319666341e-01
6.851294942030319302e-01 1.327732889888546541e-01 7.743371131117424699e-01
6.878765810302761574e-01 1.348980699907932346e-01 7.725959103709816311e-01
6.906236678575204957e-01 1.370180597463253047e-01 7.708488772496377983e-01
6.933707546847647230e-01 1.391332422569875327e-01 7.690960269316640119e-01
6.961178415120090612e-01 1.412436015605950113e-01 7.673373726449121968e-01
6.988649283392532885e-01 1.433491217313603849e-01 7.655729276610342415e-01
7.016120151664976268e-01 1.454497868800154192e-01 7.638027052953809681e-01
7.043591019937418540e-01 1.475455811539296835e-01 7.620267189069025449e-01
7.071061888209861923e-01 1.496364887372310104e-01 7.602449818980469010e-01
7.098532756482304196e-01 1.517224938509241783e-01 7.584575077146590294e-01
7.126003624754747579e-01 1.538035807530110377e-01 7.566643098458794015e-01
7.153474493027189851e-01 1.558797337386078619e-01 7.548654018240423813e-01
7.180945361299633234e-01 1.579509371400651396e-01 7.530607972245734194e-01
7.208416229572075506e-01 1.600171753270851482e-01 7.512505096658875781e-01
7.235887097844518889e-01 1.620784327068400810e-01 7.494345528092858366e-01
7.263357966116961162e-01 1.641346937240896198e-01 7.476129403588529510e-01
7.290828834389404545e-01 1.661859428612985079e-01 7.457856860613528704e-01
7.318299702661846817e-01 1.682321646387534564e-01 7.439528037061261534e-01
7.345770570934290200e-01 1.702733436146802726e-01 7.421143071249850509e-01
7.373241439206732473e-01 1.723094643853598784e-01 7.402702101921099231e-01
7.400712307479175855e-01 1.743405115852449949e-01 7.384205268239434350e-01
7.428183175751618128e-01 1.763664698870758274e-01 7.365652709790866393e-01
7.455654044024061511e-01 1.783873240019960837e-01 7.347044566581930614e-01
7.483124912296503783e-01 1.804030586796679936e-01 7.328380979038633392e-01
7.510595780568947166e-01 1.824136587083874383e-01 7.309662088005385305e-01
7.538066648841389439e-01 1.844191089151989704e-01 7.290888034743949753e-01
7.565537517113832822e-01 1.864193941660101661e-01 7.272058960932368255e-01
7.593008385386275094e-01 1.884144993657057565e-01 7.253175008663893530e-01
7.620479253658718477e-01 1.904044094582616475e-01 7.234236320445918134e-01
7.647950121931160750e-01 1.923891094268586066e-01 7.215243039198898645e-01
7.675420990203604132e-01 1.943685842939955055e-01 7.196195308255276535e-01
7.702891858476046405e-01 1.963428191216021190e-01 7.177093271358396809e-01
7.730362726748489788e-01 1.983117990111523676e-01 7.157937072661423317e-01
7.757833595020932060e-01 2.002755091037763391e-01 7.138726856726251846e-01
7.785304463293375443e-01 2.022339345803727539e-01 7.119462768522417662e-01
7.812775331565817716e-01 2.041870606617199879e-01 7.100144953426000827e-01
7.840246199838261099e-01 2.061348726085889815e-01 7.080773557218531522e-01
7.867717068110703371e-01 2.080773557218530412e-01 7.061348726085890926e-01
7.895187936383146754e-01 2.100144953425999717e-01 7.041870606617200989e-01
7.922658804655589027e-01 2.119462768522416551e-01 7.022339345803728650e-01
7.950129672928032409e-01 2.138726856726250736e-01 7.002755091037765611e-01
7.977600541200474682e-01 2.157937072661422206e-01 6.983117990111524787e-01
8.005071409472918065e-01 2.177093271358395699e-01 6.963428191216022300e-01
8.032542277745360337e-01 2.196195308255275425e-01 6.943685842939956165e-01
8.060013146017802610e-01 2.215243039198897534e-01 6.923891094268588287e-01
8.087484014290245993e-01 2.234236320445917023e-01 6.904044094582617586e-01
8.114954882562688265e-01 2.253175008663892420e-01 6.884144993657058675e-01
8.142425750835131648e-01 2.272058960932367144e-01 6.864193941660102771e-01
8.169896619107573921e-01 2.290888034743948642e-01 6.844191089151991925e-01
8.197367487380017304e-01 2.309662088005384195e-01 6.824136587083875494e-01
8.224838355652459576e-01 2.328380979038631171e-01 6.804030586796681046e-01
8.252309223924902959e-01 2.347044566581929503e-01 6.783873240019961948e-01
8.279780092197345231e-01 2.365652709790865282e-01 6.763664698870760494e-01
8.307250960469788614e-01 2.384205268239433240e-01 6.743405115852451059e-01
8.334721828742230887e-01 2.402702101921097011e-01 6.723094643853601005e-01
8.362192697014674270e-01 2.421143071249849399e-01 6.702733436146803836e-01
8.389663565287116542e-01 2.439528037061259313e-01 6.682321646387536784e-01
8.417134433559559925e-01 2.457856860613527594e-01 6.661859428612986189e-01
8.444605301832002198e-01 2.476129403588527289e-01 6.641346937240897308e-01
8.472076170104445580e-01 2.494345528092857256e-01 6.620784327068401920e-01
8.499547038376887853e-01 2.512505096658873560e-01 6.600171753270853703e-01
8.527017906649331236e-01 2.530607972245733084e-01 6.579509371400652507e-01
8.554488774921773508e-01 2.548654018240421593e-01 6.558797337386080839e-01
8.581959643194216891e-01 2.566643098458792904e-01 6.538035807530111487e-01
8.609430511466659164e-01 2.584575077146588074e-01 6.517224938509244003e-01
8.636901379739102547e-01 2.602449818980467899e-01 6.496364887372311214e-01
8.664372248011544819e-01 2.620267189069023228e-01 6.475455811539299056e-01
8.691843116283988202e-01 2.638027052953808571e-01 6.454497868800156413e-01
8.719313984556430475e-01 2.655729276610341305e-01 6.433491217313606070e-01
8.746784852828873857e-01 2.673373726449120857e-01 6.412436015605951223e-01
8.774255721101316130e-01 2.690960269316639009e-01 6.391332422569877547e-01
8.801726589373759513e-01 2.708488772496376873e-01 6.370180597463254157e-01
8.829197457646201785e-01 2.725959103709814091e-01 6.348980699907934566e-01
8.856668325918645168e-01 2.743371131117423589e-01 6.327732889888547652e-01
8.884139194191087441e-01 2.760724723319665230e-01 6.306437327751296396e-01
8.911610062463530824e-01 2.778019749357980572e-01 6.285094174202739969e-01
8.939080930735973096e-01 2.795256078715778747e-01 6.263703590308588032e-01
8.966551799008416479e-01 2.812433581319424558e-01 6.242265737492481703e-01
8.994022667280858752e-01 2.829552127539213258e-01 6.220780777534776762e-01
9.021493535553302134e-01 2.846611588190358644e-01 6.199248872571320179e-01
9.048964403825744407e-01 2.863611834533957845e-01 6.177670185092231092e-01
9.076435272098187790e-01 2.880552738277971647e-01 6.156044877940670679e-01
9.103906140370630062e-01 2.897434171578185946e-01 6.134373114311615360e-01
9.131377008643073445e-01 2.914256007039179863e-01 6.112655057750621124e-01
9.158847876915515718e-01 2.931018117715288307e-01 6.090890872152598945e-01
9.186318745187959101e-01 2.947720377111555656e-01 6.069080721760566899e-01
9.213789613460401373e-01 2.964362659184692772e-01 6.047224771164416701e-01
9.241260481732843646e-01 2.980944838344030678e-01 6.025323185299670259e-01
9.268731350005287029e-01 2.997466789452466474e-01 6.003376129446236220e-01
9.296202218277729301e-01 3.013928387827401467e-01 5.981383769227159863e-01
9.323673086550172684e-01 3.030329509241693753e-01 5.959346270607377427e-01
9.351143954822614957e-01 3.046670029924586354e-01 5.937263799892460447e-01
9.378614823095058339e-01 3.062949826562647582e-01 5.915136523727357876e-01
9.406085691367500612e-01 3.079168776300693633e-01 5.892964609095149298e-01
9.433556559639943995e-01 3.095326756742726726e-01 5.870748223315771508e-01
9.461027427912386267e-01 3.111423645952847705e-01 5.848487534044763958e-01
9.488498296184829650e-01 3.127459322456185298e-01 5.826182709272001992e-01
9.515969164457271923e-01 3.143433665239804276e-01 5.803833917320430080e-01
9.543440032729715305e-01 3.159346553753628051e-01 5.781441326844786177e-01
9.570910901002157578e-01 3.175197867911339067e-01 5.759005106830336063e-01
9.598381769274600961e-01 3.190987488091293622e-01 5.736525426591595478e-01
9.625852637547043233e-01 3.206715295137416710e-01 5.714002455771048927e-01
9.653323505819486616e-01 3.222381170360107960e-01 5.691436364337875142e-01
9.680794374091928889e-01 3.237984995537132038e-01 5.668827322586662554e-01
9.708265242364372272e-01 3.253526652914515704e-01 5.646175501136119212e-01
9.735736110636814544e-01 3.269006025207431554e-01 5.623481070927792702e-01
9.763206978909257927e-01 3.284422995601085082e-01 5.600744203224776729e-01
9.790677847181700200e-01 3.299777447751599535e-01 5.577965069610417714e-01
9.818148715454143582e-01 3.315069265786887431e-01 5.555143841987020270e-01
9.845619583726585855e-01 3.330298334307530972e-01 5.532280692574552683e-01
9.873090451999029238e-01 3.345464538387649123e-01 5.509375793909344621e-01
9.900561320271471510e-01 3.360567763575766920e-01 5.486429318842784841e-01
9.928032188543914893e-01 3.375607895895678112e-01 5.463441440540016680e-01
9.955503056816357166e-01 3.390584821847304475e-01 5.440412332478636870e-01
9.982973925088800549e-01 3.405498428407556233e-01 5.417342168447375483e-01
1.001044479336124393e+00 3.420348603031179158e-01 5.394231122544794754e-01
1.003791566163368731e+00 3.435135233651608333e-01 5.371079369177970131e-01
1.006538652990612848e+00 3.449858208681813032e-01 5.347887083061176883e-01
1.009285739817857186e+00 3.464517417015137157e-01 5.324654439214566715e-01
1.012032826645101524e+00 3.479112748026140789e-01 5.301381612962851042e-01
1.014779913472345863e+00 3.493644091571429522e-01 5.278068779933977606e-01
1.017527000299589979e+00 3.508111337990490464e-01 5.254716116057809305e-01
1.020274087126834317e+00 3.522514378106522681e-01 5.231323797564780831e-01
1.023021173954078655e+00 3.536853103227249884e-01 5.207892000984588599e-01
1.025768260781322994e+00 3.551127405145754201e-01 5.184420903144848491e-01
1.028515347608567110e+00 3.565337176141279985e-01 5.160910681169760261e-01
1.031262434435811448e+00 3.579482308980059813e-01 5.137361512478773040e-01
1.034009521263055786e+00 3.593562696916110522e-01 5.113773574785248632e-01
1.036756608090300125e+00 3.607578233692050329e-01 5.090147046095118144e-01
1.039503694917544241e+00 3.621528813539889313e-01 5.066482104705538614e-01
1.042250781744788579e+00 3.635414331181842096e-01 5.042778929203545202e-01
1.044997868572032917e+00 3.649234681831108329e-01 5.019037698464708930e-01
1.047744955399277034e+00 3.662989761192668725e-01 4.995258591651787206e-01
1.050492042226521372e+00 3.676679465464075536e-01 4.971441788213359358e-01
1.053239129053765710e+00 3.690303691336231928e-01 4.947587467882489376e-01
1.055986215881010049e+00 3.703862335994171362e-01 4.923695810675359219e-01
1.058733302708254165e+00 3.717355297117835855e-01 4.899766996889914905e-01
1.061480389535498503e+00 3.730782472882846479e-01 4.875801207104498158e-01
1.064227476362742841e+00 3.744143761961273853e-01 4.851798622176495268e-01
1.066974563189987180e+00 3.757439063522398648e-01 4.827759423240964298e-01
1.069721650017231296e+00 3.770668277233476529e-01 4.803683791709271733e-01
1.072468736844475634e+00 3.783831303260494217e-01 4.779571909267716912e-01
1.075215823671719972e+00 3.796928042268921111e-01 4.755423957876172003e-01
1.077962910498964311e+00 3.809958395424463129e-01 4.731240119766699781e-01
1.080709997326208427e+00 3.822922264393801006e-01 4.707020577442184162e-01
1.083457084153452765e+00 3.835819551345344136e-01 4.682765513674944646e-01
1.086204170980697103e+00 3.848650158949954436e-01 4.658475111505367416e-01
1.088951257807941442e+00 3.861413990381693528e-01 4.634149554240518110e-01
1.091698344635185558e+00 3.874110949318544384e-01 4.609789025452762368e-01
1.094445431462429896e+00 3.886740939943146289e-01 4.585393708978369731e-01
1.097192518289674235e+00 3.899303866943509833e-01 4.560963788916142514e-01
1.099939605116918573e+00 3.911799635513741880e-01 4.536499449626014702e-01
1.102686691944162911e+00 3.924228151354759442e-01 4.512000875727665283e-01
1.105433778771407027e+00 3.936589320674998005e-01 4.487468252099126031e-01
1.108180865598651366e+00 3.948883050191126509e-01 4.462901763875377625e-01
1.110927952425895704e+00 3.961109247128745681e-01 4.438301596446966868e-01
1.113675039253140042e+00 3.973267819223087471e-01 4.413667935458595593e-01
1.116422126080384158e+00 3.985358674719714500e-01 4.389000966807728998e-01
1.119169212907628497e+00 3.997381722375213942e-01 4.364300876643179561e-01
1.121916299734872835e+00 4.009336871457881424e-01 4.339567851363717588e-01
1.124663386562117173e+00 4.021224031748407146e-01 4.314802077616656240e-01
1.127410473389361290e+00 4.033043113540557556e-01 4.290003742296445433e-01
1.130157560216605628e+00 4.044794027641855916e-01 4.265173032543254084e-01
1.132904647043849966e+00 4.056476685374246216e-01 4.240310135741571784e-01
1.135651733871094304e+00 4.068090998574771522e-01 4.215415239518783830e-01
1.138398820698338421e+00 4.079636879596233445e-01 4.190488531743760126e-01
1.141145907525582759e+00 4.091114241307858279e-01 4.165530200525431326e-01
1.143892994352827097e+00 4.102522997095950918e-01 4.140540434211378296e-01
1.146640081180071435e+00 4.113863060864547672e-01 4.115519421386405474e-01
1.149387168007315552e+00 4.125134347036070182e-01 4.090467350871120344e-01
1.152134254834559890e+00 4.136336770551968245e-01 4.065384411720499580e-01
1.154881341661804228e+00 4.147470246873362631e-01 4.040270793222476842e-01
1.157628428489048344e+00 4.158534691981681242e-01 4.015126684896505593e-01
1.160375515316292683e+00 4.169530022379298595e-01 3.989952276492125249e-01
1.163122602143537021e+00 4.180456155090158665e-01 3.964747757987540089e-01
1.165869688970781359e+00 4.191313007660404377e-01 3.939513319588177076e-01
1.168616775798025476e+00 4.202100498159000441e-01 3.914249151725255893e-01
1.171363862625269814e+00 4.212818545178352858e-01 3.888955445054341764e-01
1.174110949452514152e+00 4.223467067834920652e-01 3.863632390453922150e-01
1.176858036279758490e+00 4.234045985769826492e-01 3.838280179023953465e-01
1.179605123107002607e+00 4.244555219149462877e-01 3.812899002084427780e-01
1.182352209934246945e+00 4.254994688666098313e-01 3.787489051173917876e-01
1.185099296761491283e+00 4.265364315538471285e-01 3.762050518048144498e-01
1.187846383588735621e+00 4.275664021512386448e-01 3.736583594678522524e-01
1.190593470415979738e+00 4.285893728861303043e-01 3.711088473250714337e-01
1.193340557243224076e+00 4.296053360386929976e-01 3.685565346163173217e-01
1.196087644070468414e+00 4.306142839419795365e-01 3.660014406025701716e-01
1.198834730897712753e+00 4.316162089819834957e-01 3.634435845657991160e-01
1.201581817724956869e+00 4.326111035976962782e-01 3.608829858088172249e-01
1.204328904552201207e+00 4.335989602811644028e-01 3.583196636551345682e-01
1.207075991379445545e+00 4.345797715775457926e-01 3.557536374488140529e-01
1.209823078206689884e+00 4.355535300851663960e-01 3.531849265543244853e-01
1.212570165033934000e+00 4.365202284555758094e-01 3.506135503563947431e-01
1.215317251861178338e+00 4.374798593936028990e-01 3.480395282598667817e-01
1.218064338688422676e+00 4.384324156574106457e-01 3.454628796895504173e-01
1.220811425515667015e+00 4.393778900585512126e-01 3.428836240900758336e-01
1.223558512342911131e+00 4.403162754620195685e-01 3.403017809257474213e-01
1.226305599170155469e+00 4.412475647863078887e-01 3.377173696803958958e-01
1.229052685997399808e+00 4.421717510034587351e-01 3.351304098572325252e-01
1.231799772824644146e+00 4.430888271391180133e-01 3.325409209787012488e-01
1.234546859651888262e+00 4.439987862725878198e-01 3.299489225863316832e-01
1.237293946479132600e+00 4.449016215368787330e-01 3.273544342405906860e-01
1.240041033306376939e+00 4.457973261187612168e-01 3.247574755207363051e-01
1.242788120133621277e+00 4.466858932588174680e-01 3.221580660246689543e-01
1.245535206960865393e+00 4.475673162514919312e-01 3.195562253687838639e-01
1.248282293788109731e+00 4.484415884451429246e-01 3.169519731878225888e-01
1.251029380615354070e+00 4.493087032420913784e-01 3.143453291347255707e-01
1.253776467442598408e+00 4.501686540986717944e-01 3.117363128804834793e-01
1.256523554269842524e+00 4.510214345252809842e-01 3.091249441139887755e-01
1.259270641097086862e+00 4.518670380864276970e-01 3.065112425418866637e-01
1.262017727924331201e+00 4.527054584007802474e-01 3.038952278884273772e-01
1.264764814751575539e+00 4.535366891412154766e-01 3.012769198953164640e-01
1.267511901578819655e+00 4.543607240348661591e-01 2.986563383215665168e-01
1.270258988406063994e+00 4.551775568631685198e-01 2.960335029433468490e-01
1.273006075233308332e+00 4.559871814619086416e-01 2.934084335538358901e-01
1.275753162060552448e+00 4.567895917212697610e-01 2.907811499630707508e-01
1.278500248887796786e+00 4.575847815858780088e-01 2.881516719977975094e-01
1.281247335715041125e+00 4.583727450548478188e-01 2.855200195013227193e-01
1.283994422542285463e+00 4.591534761818275578e-01 2.828862123333626410e-01
1.286741509369529579e+00 4.599269690750443784e-01 2.802502703698940834e-01
1.289488596196773917e+00 4.606932178973488501e-01 2.776122135030031912e-01
1.292235683024018256e+00 4.614522168662583690e-01 2.749720616407370644e-01
1.294982769851262594e+00 4.622039602540014558e-01 2.723298347069523784e-01
1.297729856678506710e+00 4.629484423875606103e-01 2.696855526411653381e-01
1.300476943505751048e+00 4.636856576487156101e-01 2.670392353984007427e-01
1.303224030332995387e+00 4.644156004740850330e-01 2.643909029490423834e-01
1.305971117160239725e+00 4.651382653551691115e-01 2.617405752786814421e-01
1.308718203987483841e+00 4.658536468383908113e-01 2.590882723879664451e-01
1.311465290814728180e+00 4.665617395251371313e-01 2.564340142924509958e-01
1.314212377641972518e+00 4.672625380717999599e-01 2.537778210224443942e-01
1.316959464469216856e+00 4.679560371898160431e-01 2.511197126228594811e-01
1.319706551296460972e+00 4.686422316457072856e-01 2.484597091530617863e-01
1.322453638123705311e+00 4.693211162611200526e-01 2.457978306867172613e-01
1.325200724950949649e+00 4.699926859128644718e-01 2.431340973116421778e-01
1.327947811778193987e+00 4.706569355329525139e-01 2.404685291296506100e-01
1.330694898605438103e+00 4.713138601086369617e-01 2.378011462564032230e-01
1.333441985432682442e+00 4.719634546824487131e-01 2.351319688212544778e-01
1.336189072259926780e+00 4.726057143522346404e-01 2.324610169671021964e-01
1.338936159087171118e+00 4.732406342711940050e-01 2.297883108502345728e-01
1.341683245914415235e+00 4.738682096479154282e-01 2.271138706401785445e-01
1.344430332741659573e+00 4.744884357464134172e-01 2.244377165195466650e-01
1.347177419568903911e+00 4.751013078861630046e-01 2.217598686838861410e-01
1.349924506396148249e+00 4.757068214421361629e-01 2.190803473415255942e-01
1.352671593223392366e+00 4.763049718448361114e-01 2.163991727134229048e-01
1.355418680050636704e+00 4.768957545803320652e-01 2.137163650330118070e-01
1.358165766877881042e+00 4.774791651902933198e-01 2.110319445460504817e-01
1.360912853705125380e+00 4.780551992720223353e-01 2.083459315104679299e-01
1.363659940532369497e+00 4.786238524784889314e-01 2.056583461962114556e-01
1.366407027359613835e+00 4.791851205183621509e-01 2.029692088850929554e-01
1.369154114186858173e+00 4.797389991560434552e-01 2.002785398706370124e-01
1.371901201014102512e+00 4.802854842116978107e-01 1.975863594579270188e-01
1.374648287841346628e+00 4.808245715612861071e-01 1.948926879634522991e-01
1.377395374668590966e+00 4.813562571365956888e-01 1.921975457149539823e-01
1.380142461495835304e+00 4.818805369252714410e-01 1.895009530512728191e-01
1.382889548323079643e+00 4.823974069708455437e-01 1.868029303221948878e-01
1.385636635150323759e+00 4.829068633727680027e-01 1.841034978882984674e-01
1.388383721977568097e+00 4.834089022864356266e-01 1.814026761207994665e-01
1.391130808804812435e+00 4.839035199232211149e-01 1.787004854013990729e-01
1.393877895632056552e+00 4.843907125505017008e-01 1.759969461221291553e-01
1.396624982459300890e+00 4.848704764916872412e-01 1.732920786851979422e-01
1.399372069286545228e+00 4.853428081262484151e-01 1.705859035028370885e-01
1.402119156113789566e+00 4.858077038897431477e-01 1.678784409971469938e-01
1.404866242941033683e+00 4.862651602738442547e-01 1.651697115999430643e-01
1.407613329768278021e+00 4.867151738263657546e-01 1.624597357526005315e-01
1.410360416595522359e+00 4.871577411512888478e-01 1.597485339059016574e-01
1.413107503422766698e+00 4.875928589087874521e-01 1.570361265198804701e-01
1.415854590250010814e+00 4.880205238152534042e-01 1.543225340636687481e-01
1.418601677077255152e+00 4.884407326433217733e-01 1.516077770153407833e-01
1.421348763904499490e+00 4.888534822218942866e-01 1.488918758617600591e-01
1.424095850731743829e+00 4.892587694361640871e-01 1.461748510984237914e-01
1.426842937558987945e+00 4.896565912276387156e-01 1.434567232293088024e-01
1.429590024386232283e+00 4.900469445941634250e-01 1.407375127667157000e-01
1.432337111213476621e+00 4.904298265899439402e-01 1.380172402311156399e-01
1.435084198040720960e+00 4.908052343255684402e-01 1.352959261509943945e-01
1.437831284867965076e+00 4.911731649680294298e-01 1.325735910626979486e-01
1.440578371695209414e+00 4.915336157407452777e-01 1.298502555102767075e-01
1.443325458522453753e+00 4.918865839235808668e-01 1.271259400453316757e-01
1.446072545349698091e+00 4.922320668528683552e-01 1.244006652268585256e-01
1.448819632176942207e+00 4.925700619214274933e-01 1.216744516210929300e-01
1.451566719004186545e+00 4.929005665785846091e-01 1.189473198013543953e-01
1.454313805831430884e+00 4.932235783301925913e-01 1.162192903478924261e-01
1.457060892658675222e+00 4.935390947386493199e-01 1.134903838477302196e-01
1.459807979485919338e+00 4.938471134229160953e-01 1.107606208945098730e-01
1.462555066313163676e+00 4.941476320585357351e-01 1.080300220883359807e-01
1.465302153140408015e+00 4.944406483776497829e-01 1.052986080356215770e-01
1.468049239967652353e+00 4.947261601690162713e-01 1.025663993489316916e-01
1.470796326794896469e+00 4.950041652780257095e-01 9.983341664682830741e-02
